1	新年开运红包	1元直减	1	1	1	3
2	新年开运红包	2元直减	1	2	2	3
3	新年开运红包	3元直减	1	3	3	3
4	新年开运红包	4元直减	1	4	4	3
5	新年开运红包	5元直减	1	5	5	3
6	新年开运红包	6元直减	1	6	6	3
7	新年开运红包	7元直减	1	7	7	3
8	新年开运红包	8元直减	1	8	8	3
9	新年开运红包	9元直减	1	9	9	3
10	新年开运红包	10元直减	1	10	10	3
11	新年开运红包	11元直减	1	11	11	3
12	新年开运红包	12元直减	1	12	12	3
13	新年开运红包	13元直减	1	13	13	3
14	新年开运红包	14元直减	1	14	14	3
15	新年开运红包	15元直减	1	15	15	3
16	新年开运红包	60元直减	1	60	60	3
17	新年开运红包	70元直减	1	70	70	3
18	新年开运红包	80元直减	1	80	80	3
19	新年开运红包	90元直减	1	90	90	3
20	新年开运红包	100元直减	1	100	100	3
21	新年开运红包	110元直减	1	110	110	3
22	新年开运红包	120元直减	1	120	120	3
23	新年开运红包	130元直减	1	130	130	3
24	新年开运红包	140元直减	1	140	140	3
25	新年开运红包	150元直减	1	150	150	3
26	新春分享红包	满5减1	2	1	5	7
27	新春分享红包	满10减1	2	1	10	7
28	新春分享红包	满10减2	2	2	10	7
29	新春分享红包	满20减2	2	2	20	7
30	新春分享红包	满20减3	2	3	20	7